function map = bgr_colormap()
% blue-gray-red color map
map = [0,1,1;0,0.935483870967742,1;0,0.870967741935484,1;0,0.806451612903226,1;0,0.741935483870968,1;0,0.677419354838710,1;0,0.612903225806452,1;0,0.548387096774194,1;0,0.483870967741936,1;0,0.419354838709677,1;0,0.354838709677419,1;0,0.290322580645161,1;0,0.225806451612903,1;0,0.161290322580645,1;0,0.0967741935483871,1;0,0.0322580645161290,1;0.0161290322580645,0.0161290322580645,0.983870967741936;0.0483870967741935,0.0483870967741935,0.951612903225807;0.0806451612903226,0.0806451612903226,0.919354838709677;0.112903225806452,0.112903225806452,0.887096774193548;0.145161290322581,0.145161290322581,0.854838709677419;0.177419354838710,0.177419354838710,0.822580645161290;0.209677419354839,0.209677419354839,0.790322580645161;0.241935483870968,0.241935483870968,0.758064516129032;0.274193548387097,0.274193548387097,0.725806451612903;0.306451612903226,0.306451612903226,0.693548387096774;0.338709677419355,0.338709677419355,0.661290322580645;0.370967741935484,0.370967741935484,0.629032258064516;0.403225806451613,0.403225806451613,0.596774193548387;0.435483870967742,0.435483870967742,0.564516129032258;0.467741935483871,0.467741935483871,0.532258064516129;0.500000000000000,0.500000000000000,0.500000000000000;0.500000000000000,0.500000000000000,0.500000000000000;0.532258064516129,0.467741935483871,0.467741935483871;0.564516129032258,0.435483870967742,0.435483870967742;0.596774193548387,0.403225806451613,0.403225806451613;0.629032258064516,0.370967741935484,0.370967741935484;0.661290322580645,0.338709677419355,0.338709677419355;0.693548387096774,0.306451612903226,0.306451612903226;0.725806451612903,0.274193548387097,0.274193548387097;0.758064516129032,0.241935483870968,0.241935483870968;0.790322580645161,0.209677419354839,0.209677419354839;0.822580645161290,0.177419354838710,0.177419354838710;0.854838709677419,0.145161290322581,0.145161290322581;0.887096774193548,0.112903225806452,0.112903225806452;0.919354838709678,0.0806451612903226,0.0806451612903226;0.951612903225807,0.0483870967741936,0.0483870967741936;0.983870967741936,0.0161290322580645,0.0161290322580645;1,0.0322580645161290,0;1,0.0967741935483870,0;1,0.161290322580645,0;1,0.225806451612903,0;1,0.290322580645161,0;1,0.354838709677419,0;1,0.419354838709678,0;1,0.483870967741936,0;1,0.548387096774194,0;1,0.612903225806452,0;1,0.677419354838710,0;1,0.741935483870968,0;1,0.806451612903226,0;1,0.870967741935484,0;1,0.935483870967742,0;1,1,0];